720,3959,5
720,2701,5
720,1044,5
720,562,5
720,3345,5
720,2286,5
720,1110,5
720,2609,5
720,3400,5
720,556,5
720,3328,5
720,1714,5
720,146,5
720,3512,5
720,3392,5
720,1802,5
720,3063,5
720,2927,5
720,3375,5
720,1110,5
720,1255,5
720,3824,5
720,3898,5
720,2997,5
720,431,5
720,2951,5
720,3386,5
720,3517,5
720,3211,5
720,3329,5
720,2697,5
720,1950,5
720,3526,5
720,1229,5
720,2005,5
720,3961,5
720,2944,5
720,3242,5
720,2286,5
720,3737,5
720,2990,5
720,508,5
720,993,5
720,283,5
720,2925,5
720,3376,5
720,3431,5
720,2681,5
720,1810,5
720,141,5
720,3958,5
720,2634,5
720,947,5
720,2654,5
720,2600,5
720,532,5
720,3304,5
720,3855,5
720,2297,5
720,3895,5
720,1125,5
720,3085,5
720,3008,5
720,2309,5
720,2424,5
720,3376,5
720,3405,5
720,2400,5
720,2442,5
720,3087,5
720,1210,5
720,3031,5
720,3449,5
720,2310,5
720,141,5
720,2348,5
720,2435,5
720,3967,5
720,1795,5
720,3942,5
720,2507,5
720,2276,5
720,1835,5
720,3000,5
720,2693,5
720,3391,5
720,134,5
720,3727,5
720,1728,5
720,534,5
720,1728,5
720,704,5
720,3329,5
720,3329,5
720,3253,5
720,1866,5
720,2524,5
720,2575,5
720,2997,5
720,2864,5
720,1193,5
720,1077,5
720,3249,5
720,1651,5
720,3392,5
720,3391,5
720,3255,5
720,3389,5
720,1025,5
720,1747,5
720,2997,5
720,3391,5
720,1825,5
720,3288,5
720,2252,5
720,3375,5
720,3249,5
720,283,5
720,1762,5
720,3523,5
720,3254,5
720,2385,5
720,2574,5
720,281,5
720,1856,5
720,1101,5
720,2499,5
720,2319,5
720,2466,5
720,2498,5
720,2445,5
720,3380,5
720,3690,5
720,638,5
720,2660,5
720,3059,5
720,2320,5
720,1937,5
720,3712,5
720,1176,5
720,2573,5
720,2236,5
720,672,5
720,3375,5
720,170,5
720,1147,5
720,2940,5
720,2378,5
720,3215,5
720,2309,5
720,2082,5
720,2643,5
720,3037,5
720,1881,5
720,3288,5
720,1024,5
720,692,5
720,3936,5
720,2693,5
720,1826,5
720,3895,5
720,3190,5
720,1070,5
720,127,5
720,1061,5
720,3044,5
720,1920,5
720,3431,5
720,413,5
720,1855,5
720,1049,5
720,3196,5
720,1109,5
720,2316,5
720,2621,5
720,2388,5
720,1835,5
720,384,5
720,2320,5
720,2421,5
720,524,5
720,2493,5
720,1210,5
720,1059,5
720,1923,5
720,1918,5
720,2926,5
720,2633,5
720,935,5
720,3695,5
720,2963,5
720,1207,5
720,2433,5
720,3201,5
720,1984,5
720,3042,5
720,3249,5
720,3435,5
720,2981,5
720,1175,5
720,2612,5
720,3330,5
720,3871,5
720,3044,5
720,1109,5
720,175,5
720,2421,5
720,1086,5
720,2624,5
720,1835,5
720,3768,5
720,3328,5
720,1147,5
720,163,5
720,1745,5
720,2307,5
720,1047,5
720,3495,5
720,3522,5
720,3855,5
720,3748,5
720,3454,5
720,2455,5
720,2631,5
720,3282,5
720,3288,5
720,3897,5
720,3220,5
720,3055,5
720,1079,5
720,3040,5
720,1747,5
720,140,5
720,3367,5
720,3431,5
720,3918,5
720,3879,5
720,2774,5
720,3329,5
720,1865,5
720,1887,5
720,1651,5
720,3331,5
720,2936,5
720,370,5
720,1059,5
720,3249,5
720,1868,5
720,1689,5
720,3702,5
720,2445,5
720,2516,5
720,562,5
720,2328,5
720,2441,5
720,684,5
720,2980,5
720,3375,5
720,2665,5
720,533,5
720,3503,5
720,1856,5
720,2619,5
720,3391,5
720,1839,5
720,1239,5
720,2589,5
720,517,5
720,1086,5
720,1724,5
720,2001,5
720,2541,5
720,3250,5
720,2320,5
720,3737,5
720,2978,5
720,2618,5
720,1217,5
720,3375,5
720,1049,5
720,660,5
720,3335,5
720,2131,5
720,3377,5
720,2967,5
720,1131,5
720,1988,5
720,3376,5
720,1747,5
720,3255,5
720,2726,5
720,3904,5
720,1170,5
720,1328,5
720,1666,5
720,3376,5
720,1754,5
720,2323,5
720,2362,5
720,1184,5
720,2134,5
720,2664,5
720,2447,5
720,514,5
720,2636,5
720,1790,5
720,2361,5
720,2912,5
720,860,5
720,3084,5
720,3871,5
720,1220,5
720,2517,5
720,2351,5
720,3511,5
720,3044,5
720,2435,5
720,977,5
720,3656,5
720,3044,5
720,2315,5
720,3748,5
720,3705,5
720,3968,5
720,1865,5
720,646,5
720,1754,5
720,2476,5
720,3670,5
720,1073,5
720,530,5
720,3828,5
720,2687,5
720,2282,5
720,2927,5
720,609,5
720,146,5
720,3392,5
720,2940,5
720,3305,5
720,3007,5
720,958,5
720,2286,5
720,3066,5
720,1938,5
720,2951,5
720,3258,5
720,3328,5
720,3457,5
720,1123,5
720,2610,5
720,284,5
720,1679,5
720,3705,5
720,2631,5
720,3376,5
720,3474,5
720,2673,5
720,3375,5
720,3958,5
720,177,5
720,2771,5
720,2316,5
720,3392,5
720,3407,5
720,3329,5
720,2470,5
720,1687,5
720,845,5
720,1880,5
720,2285,5
720,2377,5
720,3879,5
720,1793,5
720,3014,5
720,833,5
720,1212,5
720,668,5
720,575,5
720,2382,5
720,3015,5
720,2634,5
720,3376,5
720,1066,5
720,3945,5
720,3391,5
720,2926,5
720,3787,5
720,1985,5
720,3958,5
720,2999,5
720,406,5
720,3330,5
720,551,5
720,2652,5
720,556,5
720,3392,5
720,2440,5
720,163,5
720,3917,5
720,3338,5
720,647,5
720,3329,5
720,3840,5
720,837,5
720,3325,5
720,2296,5
720,2440,5
720,2960,5
720,2999,5
720,1185,5
720,3733,5
720,1688,5
720,867,5
720,2944,5
720,2382,5
720,837,5
720,1919,5
720,2579,5
720,3272,5
720,2934,5
720,3406,5
720,2629,5
720,2951,5
720,636,5
720,3768,5
720,1818,5
720,2263,5
720,1697,5
720,2625,5
720,2359,5
720,2624,5
720,3672,5
720,2694,5
720,3896,5
720,3044,5
720,2370,5
720,1685,5
720,2384,5
720,3870,5
720,811,5
720,2619,5
720,3431,5
720,2624,5
720,2328,5
720,3072,5
720,1879,5
720,3474,5
720,1945,5
720,3812,5
720,3394,5
720,2411,5
720,3923,5
720,2654,5
720,1837,5
720,3391,5
720,2146,5
720,1184,5
720,3014,5
720,2134,5
720,380,5
720,2391,5
720,3244,5
720,3328,5
720,3233,5
720,2681,5
720,2384,5
720,3777,5
720,3005,5
720,2315,5
720,1118,5
720,2328,5
720,3322,5
720,2147,5
720,2382,5
720,1792,5
720,2656,5
720,2693,5
720,3768,5
720,2997,5
720,2999,5
720,440,5
720,2654,5
720,2926,5
720,3347,5
720,1147,5
720,2378,5
720,407,5
720,2367,5
720,3457,5
720,3392,5
720,3264,5
720,1882,5
720,3392,5
720,3163,5
720,2067,5
720,689,5
720,2307,5
720,1740,5
720,1665,5
