720,3727,5
720,3320,5
720,921,5
720,3026,5
720,1244,5
720,1113,5
720,2458,5
720,2034,5
720,2379,5
720,962,5
720,3787,5
720,3936,5
720,2306,5
720,2963,5
720,3748,5
720,2675,5
720,2306,5
720,1882,5
720,1207,5
720,3942,5
720,1972,5
720,2998,5
720,834,5
720,1108,5
720,2433,5
720,1046,5
720,2346,5
720,1124,5
720,3312,5
720,1229,5
720,2939,5
720,3368,5
720,3258,5
720,2785,5
720,3934,5
720,3013,5
720,3701,5
720,3668,5
720,2700,5
720,1147,5
720,2499,5
720,2999,5
720,866,5
720,3215,5
720,2684,5
720,162,5
720,2936,5
720,1928,5
720,2307,5
720,1729,5
720,3044,5
720,3693,5
720,3755,5
720,3727,5
720,1122,5
720,2361,5
720,2297,5
720,3313,5
720,2636,5
720,3527,5
720,1919,5
720,2306,5
720,3438,5
720,1236,5
720,3871,5
720,2296,5
720,2303,5
720,2320,5
720,2991,5
720,3968,5
720,2999,5
720,2944,5
720,2635,5
720,3038,5
720,1879,5
720,971,5
720,3392,5
720,1059,5
720,1142,5
720,2678,5
720,832,5
720,835,5
720,1926,5
720,2400,5
720,1311,5
720,2431,5
720,760,5
720,3249,5
720,2476,5
720,3961,5
720,3663,5
720,3245,5
720,665,5
720,3329,5
720,3197,5
720,3698,5
720,2314,5
720,3189,5
720,1792,5
720,2432,5
720,3056,5
720,1816,5
720,3084,5
720,2926,5
720,489,5
720,2951,5
720,1688,5
720,3196,5
720,3392,5
720,3359,5
720,3383,5
720,3702,5
720,2631,5
720,1216,5
720,522,5
720,2383,5
720,3329,5
720,2423,5
720,3328,5
720,1746,5
720,1147,5
720,2630,5
720,3520,5
720,3261,5
720,733,5
720,546,5
720,1689,5
720,2323,5
720,1754,5
720,2697,5
720,2508,5
720,3329,5
720,2758,5
720,3935,5
720,3512,5
720,2656,5
720,2619,5
720,3662,5
720,3803,5
720,3375,5
720,638,5
720,1215,5
720,1077,5
720,320,5
720,3288,5
720,2285,5
720,2304,5
720,1087,5
720,3414,5
720,3138,5
720,420,5
720,1021,5
720,552,5
720,1500,5
720,1920,5
720,2693,5
720,2629,5
720,2320,5
720,3003,5
720,2348,5
720,3498,5
720,861,5
720,808,5
720,2978,5
720,1187,5
720,1881,5
720,1835,5
720,3219,5
720,3251,5
720,3278,5
720,2934,5
720,861,5
720,3220,5
720,577,5
720,2935,5
720,3232,5
720,3934,5
720,1147,5
720,3187,5
720,3952,5
720,2683,5
720,953,5
720,3244,5
720,520,5
720,3959,5
720,2936,5
720,3249,5
720,2589,5
720,1216,5
720,2634,5
720,2795,5
720,2382,5
720,1830,5
720,1825,5
720,3047,5
720,2473,5
720,3392,5
720,3260,5
720,2483,5
720,2925,5
720,1249,5
720,3683,5
720,1147,5
720,3905,5
720,2673,5
720,3014,5
720,3898,5
720,3405,5
720,3698,5
720,3519,5
720,2431,5
720,416,5
720,2303,5
720,2663,5
720,3519,5
720,3904,5
720,2386,5
720,2662,5
720,1486,5
720,2957,5
720,1753,5
720,955,5
720,3329,5
720,3391,5
720,3255,5
720,864,5
720,2631,5
720,429,5
720,2622,5
720,1047,5
720,3173,5
720,2218,5
720,2804,5
720,1118,5
720,3391,5
720,2948,5
720,2938,5
720,3519,5
720,2381,5
720,3382,5
720,3375,5
720,3386,5
720,3375,5
720,2372,5
720,2309,5
720,1175,5
720,2967,5
720,3803,5
720,1131,5
720,168,5
720,2321,5
720,1049,5
720,2348,5
720,2591,5
720,2297,5
720,2392,5
720,2625,5
720,3376,5
720,2599,5
720,3498,5
720,405,5
720,3405,5
720,1816,5
720,1943,5
720,3761,5
720,2288,5
720,2314,5
720,3072,5
720,2978,5
720,1646,5
720,3405,5
720,2963,5
720,3967,5
720,532,5
720,1882,5
720,1844,5
720,2636,5
720,3003,5
720,817,5
720,1878,5
720,1067,5
720,2370,5
720,1793,5
720,2382,5
720,2361,5
720,3008,5
720,1879,5
720,3712,5
720,3003,5
720,3288,5
720,1729,5
720,3259,5
720,3457,5
720,2382,5
720,1267,5
720,1210,5
720,3003,5
720,2634,5
720,1657,5
720,2944,5
720,3943,5
720,2182,5
720,2308,5
720,2912,5
720,3365,5
720,3329,5
720,3707,5
720,2541,5
720,901,5
720,1210,5
720,1942,5
720,2400,5
720,2493,5
720,1937,5
720,2999,5
720,1260,5
720,1027,5
720,2704,5
720,3502,5
720,2440,5
720,3223,5
720,1147,5
720,2076,5
720,2596,5
720,3669,5
720,1150,5
720,2690,5
720,2683,5
720,1826,5
720,310,5
720,1176,5
720,832,5
720,2654,5
720,563,5
720,1923,5
720,2,5
720,1817,5
720,2310,5
720,2333,5
720,564,5
720,2436,5
720,3527,5
720,546,5
720,1817,5
720,1239,5
720,696,5
720,2108,5
720,1830,5
720,2648,5
720,2501,5
720,2215,5
720,3467,5
720,2625,5
720,3800,5
720,3764,5
720,819,5
720,3663,5
720,2306,5
720,888,5
720,2377,5
720,2573,5
720,3727,5
720,3012,5
720,3905,5
720,1898,5
720,1121,5
720,2403,5
720,557,5
720,3187,5
720,2498,5
720,2296,5
720,1239,5
720,1025,5
720,2447,5
720,3134,5
720,2525,5
720,2320,5
720,3456,5
720,1255,5
720,839,5
720,2498,5
720,2297,5
720,2316,5
720,1018,5
720,2305,5
720,2498,5
720,3689,5
720,3522,5
720,2650,5
720,163,5
720,546,5
720,3753,5
720,2447,5
720,1176,5
720,3329,5
720,3473,5
720,1217,5
720,653,5
720,2951,5
720,3457,5
720,2978,5
720,2330,5
720,2334,5
720,3215,5
720,3226,5
720,2622,5
720,769,5
720,3368,5
720,3518,5
720,532,5
720,1185,5
720,2633,5
720,2285,5
720,3457,5
720,1233,5
720,2625,5
720,2666,5
720,2430,5
720,3662,5
720,1107,5
720,3222,5
720,1248,5
720,2926,5
720,3329,5
720,3393,5
720,2693,5
720,2382,5
720,3376,5
720,3348,5
720,2853,5
720,2309,5
720,1679,5
720,1126,5
720,3272,5
720,3821,5
720,1484,5
720,2936,5
720,3524,5
720,3079,5
720,2832,5
720,3494,5
720,3232,5
720,1746,5
720,1677,5
720,3328,5
720,2967,5
720,864,5
720,1031,5
720,1856,5
720,1817,5
720,2499,5
720,164,5
720,2951,5
720,2379,5
720,3262,5
720,2315,5
720,2133,5
720,3329,5
720,2575,5
720,3896,5
720,2692,5
720,2495,5
720,2652,5
720,2384,5
720,2944,5
720,2693,5
720,244,5
720,3261,5
720,3329,5
720,555,5
720,3517,5
720,3383,5
720,696,5
720,1792,5
720,3313,5
720,2321,5
720,3249,5
720,2321,5
720,141,5
720,2688,5
720,3034,5
720,2619,5
720,1252,5
720,2384,5
720,2488,5
720,3483,5
720,3272,5
720,1688,5
720,1826,5
720,2400,5
720,3329,5
720,2083,5
720,3272,5
720,1241,5
720,3008,5
720,1800,5
720,1244,5
720,3483,5
720,2669,5
720,512,5
